15 15
12 0 14 1 20 2 25 3 4 4 18 5 22 6 6 7 15 8 19 9 10 10 22 11 11 12 18 13 4 14
18 1 22 2 6 3 20 4 12 5 25 6 14 7 19 8 4 9 15 10 10 11 11 12 18 13 4 14 22 0
22 2 6 3 20 4 12 5 25 6 14 7 19 8 4 9 15 10 10 11 11 12 18 13 4 14 22 0 18 1
6 3 20 4 12 5 25 6 14 7 19 8 4 9 15 10 10 11 11 12 18 13 4 14 22 0 18 1 22 2
20 4 12 5 25 6 14 7 19 8 4 9 15 10 10 11 11 12 18 13 4 14 22 0 18 1 22 2 6 3
12 5 25 6 14 7 19 8 4 9 15 10 10 11 11 12 18 13 4 14 22 0 18 1 22 2 6 3 20 4
25 6 14 7 19 8 4 9 15 10 10 11 11 12 18 13 4 14 22 0 18 1 22 2 6 3 20 4 12 5
14 7 19 8 4 9 15 10 10 11 11 12 18 13 4 14 22 0 18 1 22 2 6 3 20 4 12 5 25 6
19 8 4 9 15 10 10 11 11 12 18 13 4 14 22 0 18 1 22 2 6 3 20 4 12 5 25 6 14 7
4 9 15 10 10 11 11 12 18 13 4 14 22 0 18 1 22 2 6 3 20 4 12 5 25 6 14 7 19 8
15 10 10 11 11 12 18 13 4 14 22 0 18 1 22 2 6 3 20 4 12 5 25 6 14 7 19 8 4 9
10 11 11 12 18 13 4 14 22 0 18 1 22 2 6 3 20 4 12 5 25 6 14 7 19 8 4 9 15 10
11 12 18 13 4 14 22 0 18 1 22 2 6 3 20 4 12 5 25 6 14 7 19 8 4 9 15 10 10 11
18 13 4 14 22 0 18 1 22 2 6 3 20 4 12 5 25 6 14 7 19 8 4 9 15 10 10 11 11 12
4 14 22 0 18 1 22 2 6 3 20 4 12 5 25 6 14 7 19 8 4 9 15 10 10 11 11 12 18 13